0.0,0.0,1.0,0.39999999999999997
0.0,0.005,0.995,0.6
0.0,0.01,0.99,0.7500000000000001
0.0,0.015,0.985,0.7500000000000001
0.0,0.02,0.98,0.65
0.0,0.025,0.975,0.9000000000000002
0.0,0.030000000000000002,0.97,0.65
0.0,0.035,0.965,0.6
0.0,0.04,0.96,0.9000000000000002
0.0,0.045,0.955,0.8000000000000002
0.0,0.049999999999999996,0.95,0.7000000000000001
0.0,0.05499999999999999,0.9450000000000001,0.7500000000000001
0.0,0.05999999999999999,0.9400000000000001,0.8000000000000002
0.0,0.06499999999999999,0.935,0.8000000000000002
0.0,0.06999999999999999,0.93,0.65
0.0,0.075,0.925,0.5499999999999999
0.0,0.08,0.92,0.6
0.0,0.085,0.915,0.6
0.0,0.09000000000000001,0.91,0.7500000000000001
0.0,0.09500000000000001,0.905,0.9000000000000002
0.0,0.10000000000000002,0.9,0.7000000000000001
0.0,0.10500000000000002,0.895,0.8500000000000002
0.0,0.11000000000000003,0.89,0.65
0.0,0.11500000000000003,0.885,0.5499999999999999
0.0,0.12000000000000004,0.88,0.5499999999999999
0.0,0.12500000000000003,0.875,0.49999999999999994
0.0,0.13000000000000003,0.87,0.6
0.0,0.13500000000000004,0.865,0.7000000000000001
0.0,0.14000000000000004,0.86,0.49999999999999994
0.0,0.14500000000000005,0.855,0.6
0.0,0.15000000000000005,0.85,0.8500000000000002
0.0,0.15500000000000005,0.845,0.7000000000000001
0.0,0.16000000000000006,0.84,0.8000000000000002
0.0,0.16500000000000006,0.835,0.7500000000000001
0.0,0.17000000000000007,0.83,0.7500000000000001
0.0,0.17500000000000007,0.825,0.7500000000000001
0.0,0.18000000000000008,0.82,0.7500000000000001
0.0,0.18500000000000008,0.815,0.65
0.0,0.19000000000000009,0.8099999999999999,0.7000000000000001
0.0,0.1950000000000001,0.8049999999999999,0.9000000000000002
0.0,0.2000000000000001,0.7999999999999999,0.7500000000000001
0.0,0.2050000000000001,0.7949999999999999,0.7000000000000001
0.0,0.2100000000000001,0.7899999999999999,0.7500000000000001
0.0,0.2150000000000001,0.7849999999999999,0.7500000000000001
0.0,0.2200000000000001,0.7799999999999999,0.7000000000000001
0.0,0.22500000000000012,0.7749999999999999,0.6
0.0,0.23000000000000012,0.7699999999999999,0.6
0.0,0.23500000000000013,0.7649999999999999,0.8000000000000002
0.0,0.24000000000000013,0.7599999999999999,0.7000000000000001
0.0,0.24500000000000013,0.7549999999999999,0.8500000000000002
0.0,0.2500000000000001,0.7499999999999999,0.9000000000000002
0.0,0.2550000000000001,0.7449999999999999,0.7500000000000001
0.0,0.2600000000000001,0.7399999999999999,0.7500000000000001
0.0,0.2650000000000001,0.7349999999999999,0.8500000000000002
0.0,0.27000000000000013,0.7299999999999999,0.7500000000000001
0.0,0.27500000000000013,0.7249999999999999,0.65
0.0,0.28000000000000014,0.7199999999999999,0.8500000000000002
0.0,0.28500000000000014,0.7149999999999999,0.8500000000000002
0.0,0.29000000000000015,0.7099999999999999,0.7000000000000001
0.0,0.29500000000000015,0.7049999999999998,0.65
0.0,0.30000000000000016,0.6999999999999998,0.65
0.0,0.30500000000000016,0.6949999999999998,0.9000000000000002
0.0,0.31000000000000016,0.6899999999999998,0.8500000000000002
0.0,0.31500000000000017,0.6849999999999998,0.7000000000000001
0.0,0.3200000000000002,0.6799999999999998,0.65
0.0,0.3250000000000002,0.6749999999999998,0.8000000000000002
0.0,0.3300000000000002,0.6699999999999998,0.65
0.0,0.3350000000000002,0.6649999999999998,0.7500000000000001
0.0,0.3400000000000002,0.6599999999999998,0.8500000000000002
0.0,0.3450000000000002,0.6549999999999998,0.65
0.0,0.3500000000000002,0.6499999999999998,0.65
0.0,0.3550000000000002,0.6449999999999998,0.6
0.0,0.3600000000000002,0.6399999999999998,0.7500000000000001
0.0,0.3650000000000002,0.6349999999999998,0.7000000000000001
0.0,0.3700000000000002,0.6299999999999998,0.44999999999999996
0.0,0.3750000000000002,0.6249999999999998,0.7500000000000001
0.0,0.3800000000000002,0.6199999999999998,0.7000000000000001
0.0,0.38500000000000023,0.6149999999999998,0.9000000000000002
0.0,0.39000000000000024,0.6099999999999998,0.65
0.0,0.39500000000000024,0.6049999999999998,0.65
0.0,0.40000000000000024,0.5999999999999998,0.7000000000000001
0.0,0.40500000000000025,0.5949999999999998,0.6
0.0,0.41000000000000025,0.5899999999999997,0.6
0.0,0.41500000000000026,0.5849999999999997,0.9500000000000003
0.0,0.42000000000000026,0.5799999999999997,0.8000000000000002
0.0,0.42500000000000027,0.5749999999999997,0.8000000000000002
0.0,0.43000000000000027,0.5699999999999997,0.8000000000000002
0.0,0.4350000000000003,0.5649999999999997,0.65
0.0,0.4400000000000003,0.5599999999999997,0.8000000000000002
0.0,0.4450000000000003,0.5549999999999997,0.7500000000000001
0.0,0.4500000000000003,0.5499999999999997,0.7500000000000001
0.0,0.4550000000000003,0.5449999999999997,0.7000000000000001
0.0,0.4600000000000003,0.5399999999999997,0.7000000000000001
0.0,0.4650000000000003,0.5349999999999997,0.8500000000000002
0.0,0.4700000000000003,0.5299999999999997,0.9500000000000003
0.0,0.4750000000000003,0.5249999999999997,0.8000000000000002
0.0,0.4800000000000003,0.5199999999999997,0.8500000000000002
0.0,0.4850000000000003,0.5149999999999997,0.7500000000000001
0.0,0.4900000000000003,0.5099999999999997,0.7500000000000001
0.0,0.49500000000000033,0.5049999999999997,0.5499999999999999
0.0,0.5000000000000003,0.49999999999999967,0.8000000000000002
0.0,0.5050000000000003,0.49499999999999966,0.8000000000000002
0.0,0.5100000000000003,0.48999999999999966,0.7000000000000001
0.0,0.5150000000000003,0.48499999999999965,0.7500000000000001
0.0,0.5200000000000004,0.47999999999999965,0.7500000000000001
0.0,0.5250000000000004,0.47499999999999964,0.65
0.0,0.5300000000000004,0.46999999999999964,0.7000000000000001
0.0,0.5350000000000004,0.46499999999999964,0.7500000000000001
0.0,0.5400000000000004,0.45999999999999963,0.7500000000000001
0.0,0.5450000000000004,0.4549999999999996,0.8500000000000002
0.0,0.5500000000000004,0.4499999999999996,0.7500000000000001
0.0,0.5550000000000004,0.4449999999999996,0.7000000000000001
0.0,0.5600000000000004,0.4399999999999996,0.7000000000000001
0.0,0.5650000000000004,0.4349999999999996,0.8000000000000002
0.0,0.5700000000000004,0.4299999999999996,0.8000000000000002
0.0,0.5750000000000004,0.4249999999999996,0.7500000000000001
0.0,0.5800000000000004,0.4199999999999996,0.8500000000000002
0.0,0.5850000000000004,0.4149999999999996,0.8500000000000002
0.0,0.5900000000000004,0.4099999999999996,0.9000000000000002
0.0,0.5950000000000004,0.4049999999999996,0.9000000000000002
0.0,0.6000000000000004,0.3999999999999996,0.8500000000000002
0.0,0.6050000000000004,0.3949999999999996,0.8000000000000002
0.0,0.6100000000000004,0.38999999999999957,0.8500000000000002
0.0,0.6150000000000004,0.38499999999999956,0.8000000000000002
0.0,0.6200000000000004,0.37999999999999956,0.65
0.0,0.6250000000000004,0.37499999999999956,0.6
0.0,0.6300000000000004,0.36999999999999955,0.65
0.0,0.6350000000000005,0.36499999999999955,0.7500000000000001
0.0,0.6400000000000005,0.35999999999999954,0.7500000000000001
0.0,0.6450000000000005,0.35499999999999954,0.7000000000000001
0.0,0.6500000000000005,0.34999999999999953,0.8000000000000002
0.0,0.6550000000000005,0.34499999999999953,0.9500000000000003
0.0,0.6600000000000005,0.3399999999999995,0.7500000000000001
0.0,0.6650000000000005,0.3349999999999995,0.8000000000000002
0.0,0.6700000000000005,0.3299999999999995,0.9000000000000002
0.0,0.6750000000000005,0.3249999999999995,0.8500000000000002
0.0,0.6800000000000005,0.3199999999999995,0.7500000000000001
0.0,0.6850000000000005,0.3149999999999995,0.8500000000000002
0.0,0.6900000000000005,0.3099999999999995,0.8500000000000002
0.0,0.6950000000000005,0.3049999999999995,0.7000000000000001
0.0,0.7000000000000005,0.2999999999999995,0.7000000000000001
0.0,0.7050000000000005,0.2949999999999995,0.6
0.0,0.7100000000000005,0.2899999999999995,0.8500000000000002
0.0,0.7150000000000005,0.2849999999999995,0.9500000000000003
0.0,0.7200000000000005,0.27999999999999947,0.9000000000000002
0.0,0.7250000000000005,0.27499999999999947,0.8500000000000002
0.0,0.7300000000000005,0.26999999999999946,0.8000000000000002
0.0,0.7350000000000005,0.26499999999999946,0.8000000000000002
0.0,0.7400000000000005,0.25999999999999945,0.7500000000000001
0.0,0.7450000000000006,0.25499999999999945,0.8500000000000002
0.0,0.7500000000000006,0.24999999999999944,0.8000000000000002
0.0,0.7550000000000006,0.24499999999999944,0.9000000000000002
0.0,0.7600000000000006,0.23999999999999944,0.7500000000000001
0.0,0.7650000000000006,0.23499999999999943,0.65
0.0,0.7700000000000006,0.22999999999999943,0.5499999999999999
0.0,0.7750000000000006,0.22499999999999942,0.7500000000000001
0.0,0.7800000000000006,0.21999999999999942,0.65
0.0,0.7850000000000006,0.2149999999999994,0.9000000000000002
0.0,0.7900000000000006,0.2099999999999994,0.7500000000000001
0.0,0.7950000000000006,0.2049999999999994,0.65
0.0,0.8000000000000006,0.1999999999999994,0.65
0.0,0.8050000000000006,0.1949999999999994,0.8000000000000002
0.0,0.8100000000000006,0.1899999999999994,0.9000000000000002
0.0,0.8150000000000006,0.1849999999999994,0.7000000000000001
0.0,0.8200000000000006,0.17999999999999938,0.6
0.0,0.8250000000000006,0.17499999999999938,0.9500000000000003
0.0,0.8300000000000006,0.16999999999999937,0.7500000000000001
0.0,0.8350000000000006,0.16499999999999937,0.6
0.0,0.8400000000000006,0.15999999999999936,0.9000000000000002
0.0,0.8450000000000006,0.15499999999999936,0.8000000000000002
0.0,0.8500000000000006,0.14999999999999936,0.5499999999999999
0.0,0.8550000000000006,0.14499999999999935,0.6
0.0,0.8600000000000007,0.13999999999999935,0.9000000000000002
0.0,0.8650000000000007,0.13499999999999934,0.8000000000000002
0.0,0.8700000000000007,0.12999999999999934,0.7500000000000001
0.0,0.8750000000000007,0.12499999999999933,0.8500000000000002
0.0,0.8800000000000007,0.11999999999999933,0.65
0.0,0.8850000000000007,0.11499999999999932,0.8500000000000002
0.0,0.8900000000000007,0.10999999999999932,0.6
0.0,0.8950000000000007,0.10499999999999932,0.65
0.0,0.9000000000000007,0.09999999999999931,0.5499999999999999
0.0,0.9050000000000007,0.09499999999999931,0.9000000000000002
0.0,0.9100000000000007,0.0899999999999993,0.8500000000000002
0.0,0.9150000000000007,0.0849999999999993,0.7000000000000001
0.0,0.9200000000000007,0.0799999999999993,0.65
0.0,0.9250000000000007,0.07499999999999929,0.6
0.0,0.9300000000000007,0.06999999999999929,0.6
0.0,0.9350000000000007,0.06499999999999928,0.7000000000000001
0.0,0.9400000000000007,0.059999999999999276,0.7000000000000001
0.0,0.9450000000000007,0.05499999999999927,0.7000000000000001
0.0,0.9500000000000007,0.04999999999999927,0.8500000000000002
0.0,0.9550000000000007,0.04499999999999926,0.7500000000000001
0.0,0.9600000000000007,0.03999999999999926,0.5499999999999999
0.0,0.9650000000000007,0.034999999999999254,0.7000000000000001
0.0,0.9700000000000008,0.02999999999999925,0.7000000000000001
0.0,0.9750000000000008,0.024999999999999245,0.7000000000000001
0.0,0.9800000000000008,0.01999999999999924,0.49999999999999994
0.0,0.9850000000000008,0.014999999999999236,0.8000000000000002
0.0,0.9900000000000008,0.009999999999999232,0.8000000000000002
0.0,0.9950000000000008,0.004999999999999227,0.7500000000000001
0.005,0.0,0.995,0.39999999999999997
0.005,0.005,0.99,0.65
0.005,0.01,0.985,0.7500000000000001
0.005,0.015,0.98,0.7500000000000001
0.005,0.02,0.975,0.7500000000000001
0.005,0.025,0.97,0.6
0.005,0.030000000000000002,0.965,0.8500000000000002
0.005,0.035,0.96,0.8500000000000002
0.005,0.04,0.955,0.65
0.005,0.045,0.95,0.65
0.005,0.049999999999999996,0.9450000000000001,0.8500000000000002
0.005,0.05499999999999999,0.9400000000000001,0.7500000000000001
0.005,0.05999999999999999,0.935,0.7000000000000001
0.005,0.06499999999999999,0.93,0.9000000000000002
0.005,0.06999999999999999,0.925,0.8500000000000002
0.005,0.075,0.92,0.6
0.005,0.08,0.915,0.5499999999999999
0.005,0.085,0.91,0.9000000000000002
0.005,0.09000000000000001,0.905,0.8000000000000002
0.005,0.09500000000000001,0.9,0.9000000000000002
0.005,0.10000000000000002,0.895,0.7500000000000001
0.005,0.10500000000000002,0.89,0.7500000000000001
0.005,0.11000000000000003,0.885,0.65
0.005,0.11500000000000003,0.88,0.9500000000000003
0.005,0.12000000000000004,0.875,0.7500000000000001
0.005,0.12500000000000003,0.87,0.8500000000000002
0.005,0.13000000000000003,0.865,0.7500000000000001
0.005,0.13500000000000004,0.86,0.8000000000000002
0.005,0.14000000000000004,0.855,0.7000000000000001
0.005,0.14500000000000005,0.85,0.7500000000000001
0.005,0.15000000000000005,0.845,0.7500000000000001
0.005,0.15500000000000005,0.84,0.8500000000000002
0.005,0.16000000000000006,0.835,0.5499999999999999
0.005,0.16500000000000006,0.83,0.7500000000000001
0.005,0.17000000000000007,0.825,0.7500000000000001
0.005,0.17500000000000007,0.82,0.8000000000000002
0.005,0.18000000000000008,0.815,0.7500000000000001
0.005,0.18500000000000008,0.8099999999999999,0.65
0.005,0.19000000000000009,0.8049999999999999,0.8000000000000002
0.005,0.1950000000000001,0.7999999999999999,0.9000000000000002
0.005,0.2000000000000001,0.7949999999999999,0.8000000000000002
0.005,0.2050000000000001,0.7899999999999999,0.7500000000000001
0.005,0.2100000000000001,0.7849999999999999,0.7000000000000001
0.005,0.2150000000000001,0.7799999999999999,0.7000000000000001
0.005,0.2200000000000001,0.7749999999999999,0.8500000000000002
0.005,0.22500000000000012,0.7699999999999999,0.7000000000000001
0.005,0.23000000000000012,0.7649999999999999,0.8500000000000002
0.005,0.23500000000000013,0.7599999999999999,0.5499999999999999
0.005,0.24000000000000013,0.7549999999999999,0.7500000000000001
0.005,0.24500000000000013,0.7499999999999999,0.8000000000000002
0.005,0.2500000000000001,0.7449999999999999,0.7500000000000001
0.005,0.2550000000000001,0.7399999999999999,0.8000000000000002
0.005,0.2600000000000001,0.7349999999999999,0.7000000000000001
0.005,0.2650000000000001,0.7299999999999999,0.7500000000000001
0.005,0.27000000000000013,0.7249999999999999,0.65
0.005,0.27500000000000013,0.7199999999999999,0.7000000000000001
0.005,0.28000000000000014,0.7149999999999999,0.7000000000000001
0.005,0.28500000000000014,0.7099999999999999,0.8000000000000002
0.005,0.29000000000000015,0.7049999999999998,0.7500000000000001
0.005,0.29500000000000015,0.6999999999999998,0.8000000000000002
0.005,0.30000000000000016,0.6949999999999998,0.65
0.005,0.30500000000000016,0.6899999999999998,0.7500000000000001
0.005,0.31000000000000016,0.6849999999999998,0.49999999999999994
0.005,0.31500000000000017,0.6799999999999998,0.7000000000000001
0.005,0.3200000000000002,0.6749999999999998,0.65
0.005,0.3250000000000002,0.6699999999999998,0.7500000000000001
0.005,0.3300000000000002,0.6649999999999998,0.7500000000000001
0.005,0.3350000000000002,0.6599999999999998,0.9000000000000002
0.005,0.3400000000000002,0.6549999999999998,0.7000000000000001
0.005,0.3450000000000002,0.6499999999999998,0.65
0.005,0.3500000000000002,0.6449999999999998,0.7500000000000001
0.005,0.3550000000000002,0.6399999999999998,0.8000000000000002
0.005,0.3600000000000002,0.6349999999999998,0.7500000000000001
0.005,0.3650000000000002,0.6299999999999998,0.7500000000000001
0.005,0.3700000000000002,0.6249999999999998,0.7500000000000001
0.005,0.3750000000000002,0.6199999999999998,0.65
0.005,0.3800000000000002,0.6149999999999998,0.7000000000000001
0.005,0.38500000000000023,0.6099999999999998,0.8500000000000002
0.005,0.39000000000000024,0.6049999999999998,0.7000000000000001
0.005,0.39500000000000024,0.5999999999999998,0.9500000000000003
0.005,0.40000000000000024,0.5949999999999998,0.8000000000000002
0.005,0.40500000000000025,0.5899999999999997,0.7500000000000001
0.005,0.41000000000000025,0.5849999999999997,0.9000000000000002
0.005,0.41500000000000026,0.5799999999999997,0.7000000000000001
0.005,0.42000000000000026,0.5749999999999997,0.7500000000000001
0.005,0.42500000000000027,0.5699999999999997,0.8000000000000002
0.005,0.43000000000000027,0.5649999999999997,0.8000000000000002
0.005,0.4350000000000003,0.5599999999999997,0.7500000000000001
0.005,0.4400000000000003,0.5549999999999997,0.8000000000000002
0.005,0.4450000000000003,0.5499999999999997,0.7000000000000001
0.005,0.4500000000000003,0.5449999999999997,0.7000000000000001
0.005,0.4550000000000003,0.5399999999999997,0.65
0.005,0.4600000000000003,0.5349999999999997,0.7500000000000001
0.005,0.4650000000000003,0.5299999999999997,0.9500000000000003
0.005,0.4700000000000003,0.5249999999999997,0.9000000000000002
0.005,0.4750000000000003,0.5199999999999997,0.65
0.005,0.4800000000000003,0.5149999999999997,0.9000000000000002
0.005,0.4850000000000003,0.5099999999999997,0.9000000000000002
0.005,0.4900000000000003,0.5049999999999997,0.8000000000000002
0.005,0.49500000000000033,0.49999999999999967,0.8500000000000002
0.005,0.5000000000000003,0.49499999999999966,0.8000000000000002
0.005,0.5050000000000003,0.48999999999999966,0.8000000000000002
0.005,0.5100000000000003,0.48499999999999965,0.9000000000000002
0.005,0.5150000000000003,0.47999999999999965,0.9000000000000002
0.005,0.5200000000000004,0.47499999999999964,0.6
0.005,0.5250000000000004,0.46999999999999964,0.8000000000000002
0.005,0.5300000000000004,0.46499999999999964,0.6
0.005,0.5350000000000004,0.45999999999999963,0.7000000000000001
0.005,0.5400000000000004,0.4549999999999996,0.8000000000000002
0.005,0.5450000000000004,0.4499999999999996,0.49999999999999994
0.005,0.5500000000000004,0.4449999999999996,0.9500000000000003
0.005,0.5550000000000004,0.4399999999999996,0.8500000000000002
0.005,0.5600000000000004,0.4349999999999996,0.7000000000000001
0.005,0.5650000000000004,0.4299999999999996,0.65
0.005,0.5700000000000004,0.4249999999999996,0.8500000000000002
0.005,0.5750000000000004,0.4199999999999996,0.7500000000000001
0.005,0.5800000000000004,0.4149999999999996,0.8000000000000002
0.005,0.5850000000000004,0.4099999999999996,0.7500000000000001
0.005,0.5900000000000004,0.4049999999999996,0.9000000000000002
0.005,0.5950000000000004,0.3999999999999996,0.7500000000000001
0.005,0.6000000000000004,0.3949999999999996,0.8000000000000002
0.005,0.6050000000000004,0.38999999999999957,0.8000000000000002
0.005,0.6100000000000004,0.38499999999999956,0.9000000000000002
0.005,0.6150000000000004,0.37999999999999956,0.8500000000000002
0.005,0.6200000000000004,0.37499999999999956,0.8000000000000002
0.005,0.6250000000000004,0.36999999999999955,0.7000000000000001
0.005,0.6300000000000004,0.36499999999999955,0.9000000000000002
0.005,0.6350000000000005,0.35999999999999954,0.7000000000000001
0.005,0.6400000000000005,0.35499999999999954,0.8500000000000002
0.005,0.6450000000000005,0.34999999999999953,0.8000000000000002
0.005,0.6500000000000005,0.34499999999999953,0.8500000000000002
0.005,0.6550000000000005,0.3399999999999995,0.9500000000000003
0.005,0.6600000000000005,0.3349999999999995,0.65
0.005,0.6650000000000005,0.3299999999999995,0.8000000000000002
0.005,0.6700000000000005,0.3249999999999995,0.7500000000000001
0.005,0.6750000000000005,0.3199999999999995,0.8500000000000002
0.005,0.6800000000000005,0.3149999999999995,0.49999999999999994
0.005,0.6850000000000005,0.3099999999999995,0.8000000000000002
0.005,0.6900000000000005,0.3049999999999995,0.9000000000000002
0.005,0.6950000000000005,0.2999999999999995,0.8000000000000002
0.005,0.7000000000000005,0.2949999999999995,0.9000000000000002
0.005,0.7050000000000005,0.2899999999999995,0.7000000000000001
0.005,0.7100000000000005,0.2849999999999995,0.8000000000000002
0.005,0.7150000000000005,0.27999999999999947,0.9000000000000002
0.005,0.7200000000000005,0.27499999999999947,0.7000000000000001
0.005,0.7250000000000005,0.26999999999999946,0.8000000000000002
0.005,0.7300000000000005,0.26499999999999946,0.8500000000000002
0.005,0.7350000000000005,0.25999999999999945,0.7500000000000001
0.005,0.7400000000000005,0.25499999999999945,0.7500000000000001
0.005,0.7450000000000006,0.24999999999999944,0.7500000000000001
0.005,0.7500000000000006,0.24499999999999944,0.65
0.005,0.7550000000000006,0.23999999999999944,0.7000000000000001
0.005,0.7600000000000006,0.23499999999999943,0.7000000000000001
0.005,0.7650000000000006,0.22999999999999943,0.7000000000000001
0.005,0.7700000000000006,0.22499999999999942,0.8500000000000002
0.005,0.7750000000000006,0.21999999999999942,0.8500000000000002
0.005,0.7800000000000006,0.2149999999999994,0.8000000000000002
0.005,0.7850000000000006,0.2099999999999994,0.7500000000000001
0.005,0.7900000000000006,0.2049999999999994,0.9000000000000002
0.005,0.7950000000000006,0.1999999999999994,0.7000000000000001
0.005,0.8000000000000006,0.1949999999999994,0.8000000000000002
0.005,0.8050000000000006,0.1899999999999994,0.8500000000000002
0.005,0.8100000000000006,0.1849999999999994,0.8500000000000002
0.005,0.8150000000000006,0.17999999999999938,0.8000000000000002
0.005,0.8200000000000006,0.17499999999999938,0.9000000000000002
0.005,0.8250000000000006,0.16999999999999937,0.9000000000000002
0.005,0.8300000000000006,0.16499999999999937,0.7500000000000001
0.005,0.8350000000000006,0.15999999999999936,0.8500000000000002
0.005,0.8400000000000006,0.15499999999999936,0.6
0.005,0.8450000000000006,0.14999999999999936,0.8000000000000002
0.005,0.8500000000000006,0.14499999999999935,0.8500000000000002
0.005,0.8550000000000006,0.13999999999999935,0.8500000000000002
0.005,0.8600000000000007,0.13499999999999934,0.7000000000000001
0.005,0.8650000000000007,0.12999999999999934,0.8500000000000002
0.005,0.8700000000000007,0.12499999999999933,0.7000000000000001
0.005,0.8750000000000007,0.11999999999999933,0.7500000000000001
0.005,0.8800000000000007,0.11499999999999932,0.65
0.005,0.8850000000000007,0.10999999999999932,0.8500000000000002
0.005,0.8900000000000007,0.10499999999999932,0.8000000000000002
0.005,0.8950000000000007,0.09999999999999931,0.7000000000000001
0.005,0.9000000000000007,0.09499999999999931,0.9500000000000003
0.005,0.9050000000000007,0.0899999999999993,0.7500000000000001
0.005,0.9100000000000007,0.0849999999999993,0.8000000000000002
0.005,0.9150000000000007,0.0799999999999993,0.7500000000000001
0.005,0.9200000000000007,0.07499999999999929,0.7500000000000001
0.005,0.9250000000000007,0.06999999999999929,0.7000000000000001
0.005,0.9300000000000007,0.06499999999999928,0.6
0.005,0.9350000000000007,0.059999999999999276,0.9000000000000002
0.005,0.9400000000000007,0.05499999999999927,0.7250000000000002
0.005,0.9450000000000007,0.04999999999999927,0.65
0.005,0.9500000000000007,0.04499999999999926,0.7000000000000001
0.005,0.9550000000000007,0.03999999999999926,0.9000000000000002
0.005,0.9600000000000007,0.034999999999999254,0.7000000000000001
0.005,0.9650000000000007,0.02999999999999925,0.7000000000000001
0.005,0.9700000000000008,0.024999999999999245,0.8000000000000002
0.005,0.9750000000000008,0.01999999999999924,0.8500000000000002
0.005,0.9800000000000008,0.014999999999999236,0.7500000000000001
0.005,0.9850000000000008,0.009999999999999232,0.7000000000000001
0.005,0.9900000000000008,0.004999999999999227,0.7000000000000001
0.01,0.0,0.99,0.6
0.01,0.005,0.985,0.7500000000000001
0.01,0.01,0.98,0.7500000000000001
0.01,0.015,0.975,0.6
0.01,0.02,0.97,0.6
0.01,0.025,0.965,0.65
0.01,0.030000000000000002,0.96,0.8000000000000002
0.01,0.035,0.955,0.65
0.01,0.04,0.95,0.8500000000000002
0.01,0.045,0.945,0.8000000000000002
0.01,0.049999999999999996,0.94,0.8500000000000002
0.01,0.05499999999999999,0.935,0.6
0.01,0.05999999999999999,0.93,0.8500000000000002
0.01,0.06499999999999999,0.925,0.65
0.01,0.06999999999999999,0.92,0.65
0.01,0.075,0.915,0.9000000000000002
0.01,0.08,0.91,0.65
0.01,0.085,0.905,0.7000000000000001
0.01,0.09000000000000001,0.9,0.7500000000000001
0.01,0.09500000000000001,0.895,0.8000000000000002
0.01,0.10000000000000002,0.89,0.7000000000000001
0.01,0.10500000000000002,0.885,0.7000000000000001
0.01,0.11000000000000003,0.88,0.7500000000000001
0.01,0.11500000000000003,0.875,0.8000000000000002
0.01,0.12000000000000004,0.87,0.7000000000000001
0.01,0.12500000000000003,0.865,0.9000000000000002
0.01,0.13000000000000003,0.86,0.9000000000000002
0.01,0.13500000000000004,0.855,0.7500000000000001
0.01,0.14000000000000004,0.85,0.7000000000000001
0.01,0.14500000000000005,0.845,0.7000000000000001
0.01,0.15000000000000005,0.84,0.8000000000000002
0.01,0.15500000000000005,0.835,0.6
0.01,0.16000000000000006,0.83,0.8500000000000002
0.01,0.16500000000000006,0.825,0.7500000000000001
0.01,0.17000000000000007,0.82,0.65
0.01,0.17500000000000007,0.815,0.9000000000000002
0.01,0.18000000000000008,0.8099999999999999,0.8000000000000002
0.01,0.18500000000000008,0.8049999999999999,0.7000000000000001
0.01,0.19000000000000009,0.7999999999999999,0.9000000000000002
0.01,0.1950000000000001,0.7949999999999999,0.7500000000000001
0.01,0.2000000000000001,0.7899999999999999,0.5499999999999999
0.01,0.2050000000000001,0.7849999999999999,0.8500000000000002
0.01,0.2100000000000001,0.7799999999999999,0.7000000000000001
0.01,0.2150000000000001,0.7749999999999999,0.7000000000000001
0.01,0.2200000000000001,0.7699999999999999,0.8500000000000002
0.01,0.22500000000000012,0.7649999999999999,0.6
0.01,0.23000000000000012,0.7599999999999999,0.7000000000000001
0.01,0.23500000000000013,0.7549999999999999,0.7000000000000001
0.01,0.24000000000000013,0.7499999999999999,0.7000000000000001
0.01,0.24500000000000013,0.7449999999999999,0.8500000000000002
0.01,0.2500000000000001,0.7399999999999999,0.65
0.01,0.2550000000000001,0.7349999999999999,0.65
0.01,0.2600000000000001,0.7299999999999999,0.8000000000000002
0.01,0.2650000000000001,0.7249999999999999,1.0000000000000002
0.01,0.27000000000000013,0.7199999999999999,0.8500000000000002
0.01,0.27500000000000013,0.7149999999999999,0.8500000000000002
0.01,0.28000000000000014,0.7099999999999999,0.6
0.01,0.28500000000000014,0.7049999999999998,0.6
0.01,0.29000000000000015,0.6999999999999998,0.6
0.01,0.29500000000000015,0.6949999999999998,0.8000000000000002
0.01,0.30000000000000016,0.6899999999999998,0.7500000000000001
0.01,0.30500000000000016,0.6849999999999998,0.7500000000000001
0.01,0.31000000000000016,0.6799999999999998,0.65
0.01,0.31500000000000017,0.6749999999999998,0.8000000000000002
0.01,0.3200000000000002,0.6699999999999998,0.6
0.01,0.3250000000000002,0.6649999999999998,0.7500000000000001
0.01,0.3300000000000002,0.6599999999999998,0.39999999999999997
0.01,0.3350000000000002,0.6549999999999998,0.6
0.01,0.3400000000000002,0.6499999999999998,0.7500000000000001
0.01,0.3450000000000002,0.6449999999999998,0.7000000000000001
0.01,0.3500000000000002,0.6399999999999998,0.8500000000000002
0.01,0.3550000000000002,0.6349999999999998,0.8000000000000002
0.01,0.3600000000000002,0.6299999999999998,0.7000000000000001
0.01,0.3650000000000002,0.6249999999999998,0.6
0.01,0.3700000000000002,0.6199999999999998,0.8000000000000002
0.01,0.3750000000000002,0.6149999999999998,0.65
0.01,0.3800000000000002,0.6099999999999998,0.8500000000000002
0.01,0.38500000000000023,0.6049999999999998,0.7000000000000001
0.01,0.39000000000000024,0.5999999999999998,0.9000000000000002
0.01,0.39500000000000024,0.5949999999999998,0.5499999999999999
0.01,0.40000000000000024,0.5899999999999997,0.65
0.01,0.40500000000000025,0.5849999999999997,0.7000000000000001
0.01,0.41000000000000025,0.5799999999999997,0.7000000000000001
0.01,0.41500000000000026,0.5749999999999997,0.8500000000000002
0.01,0.42000000000000026,0.5699999999999997,0.8000000000000002
0.01,0.42500000000000027,0.5649999999999997,0.8500000000000002
0.01,0.43000000000000027,0.5599999999999997,0.7250000000000001
0.01,0.4350000000000003,0.5549999999999997,0.7500000000000001
0.01,0.4400000000000003,0.5499999999999997,0.8500000000000002
0.01,0.4450000000000003,0.5449999999999997,0.8500000000000002
0.01,0.4500000000000003,0.5399999999999997,0.8500000000000002
0.01,0.4550000000000003,0.5349999999999997,0.8000000000000002
0.01,0.4600000000000003,0.5299999999999997,0.8000000000000002
0.01,0.4650000000000003,0.5249999999999997,0.9000000000000002
0.01,0.4700000000000003,0.5199999999999997,0.8000000000000002
0.01,0.4750000000000003,0.5149999999999997,0.7500000000000001
0.01,0.4800000000000003,0.5099999999999997,0.7000000000000001
0.01,0.4850000000000003,0.5049999999999997,0.7500000000000001
0.01,0.4900000000000003,0.49999999999999967,0.7500000000000001
0.01,0.49500000000000033,0.49499999999999966,0.9000000000000002
0.01,0.5000000000000003,0.48999999999999966,0.8000000000000002
0.01,0.5050000000000003,0.48499999999999965,0.7000000000000001
0.01,0.5100000000000003,0.47999999999999965,0.7500000000000001
0.01,0.5150000000000003,0.47499999999999964,0.8500000000000002
0.01,0.5200000000000004,0.46999999999999964,0.9000000000000002
0.01,0.5250000000000004,0.46499999999999964,0.65
0.01,0.5300000000000004,0.45999999999999963,0.9000000000000002
0.01,0.5350000000000004,0.4549999999999996,0.8000000000000002
0.01,0.5400000000000004,0.4499999999999996,0.7500000000000001
0.01,0.5450000000000004,0.4449999999999996,0.7000000000000001
0.01,0.5500000000000004,0.4399999999999996,0.7500000000000001
0.01,0.5550000000000004,0.4349999999999996,0.8000000000000002
0.01,0.5600000000000004,0.4299999999999996,0.9000000000000002
0.01,0.5650000000000004,0.4249999999999996,0.8000000000000002
0.01,0.5700000000000004,0.4199999999999996,0.9500000000000003
0.01,0.5750000000000004,0.4149999999999996,0.8000000000000002
0.01,0.5800000000000004,0.4099999999999996,0.8000000000000002
0.01,0.5850000000000004,0.4049999999999996,0.8500000000000002
0.01,0.5900000000000004,0.3999999999999996,0.65
0.01,0.5950000000000004,0.3949999999999996,0.7500000000000001
0.01,0.6000000000000004,0.38999999999999957,0.8000000000000002
0.01,0.6050000000000004,0.38499999999999956,0.7500000000000001
0.01,0.6100000000000004,0.37999999999999956,0.8500000000000002
0.01,0.6150000000000004,0.37499999999999956,0.7000000000000001
0.01,0.6200000000000004,0.36999999999999955,0.8000000000000002
0.01,0.6250000000000004,0.36499999999999955,0.8000000000000002
0.01,0.6300000000000004,0.35999999999999954,0.8000000000000002
0.01,0.6350000000000005,0.35499999999999954,0.7500000000000001
0.01,0.6400000000000005,0.34999999999999953,0.8500000000000002
0.01,0.6450000000000005,0.34499999999999953,0.5499999999999999
0.01,0.6500000000000005,0.3399999999999995,0.7000000000000001
0.01,0.6550000000000005,0.3349999999999995,0.8500000000000002
0.01,0.6600000000000005,0.3299999999999995,0.6
0.01,0.6650000000000005,0.3249999999999995,0.8000000000000002
0.01,0.6700000000000005,0.3199999999999995,0.8000000000000002
0.01,0.6750000000000005,0.3149999999999995,0.8000000000000002
0.01,0.6800000000000005,0.3099999999999995,0.8000000000000002
0.01,0.6850000000000005,0.3049999999999995,0.7000000000000001
0.01,0.6900000000000005,0.2999999999999995,0.7000000000000001
0.01,0.6950000000000005,0.2949999999999995,0.7000000000000001
0.01,0.7000000000000005,0.2899999999999995,0.7000000000000001
0.01,0.7050000000000005,0.2849999999999995,0.9000000000000002
0.01,0.7100000000000005,0.27999999999999947,0.9000000000000002
0.01,0.7150000000000005,0.27499999999999947,0.9000000000000002
0.01,0.7200000000000005,0.26999999999999946,0.8500000000000002
0.01,0.7250000000000005,0.26499999999999946,0.8500000000000002
0.01,0.7300000000000005,0.25999999999999945,0.8000000000000002
0.01,0.7350000000000005,0.25499999999999945,0.8000000000000002
0.01,0.7400000000000005,0.24999999999999944,0.8500000000000002
0.01,0.7450000000000006,0.24499999999999944,0.9500000000000003
0.01,0.7500000000000006,0.23999999999999944,0.7000000000000001
0.01,0.7550000000000006,0.23499999999999943,0.8000000000000002
0.01,0.7600000000000006,0.22999999999999943,0.7000000000000001
0.01,0.7650000000000006,0.22499999999999942,0.8500000000000002
0.01,0.7700000000000006,0.21999999999999942,0.8000000000000002
0.01,0.7750000000000006,0.2149999999999994,0.9000000000000002
0.01,0.7800000000000006,0.2099999999999994,0.49999999999999994
0.01,0.7850000000000006,0.2049999999999994,0.65
0.01,0.7900000000000006,0.1999999999999994,0.8500000000000002
0.01,0.7950000000000006,0.1949999999999994,0.9000000000000002
0.01,0.8000000000000006,0.1899999999999994,0.7000000000000001
0.01,0.8050000000000006,0.1849999999999994,0.9500000000000003
0.01,0.8100000000000006,0.17999999999999938,0.9000000000000002
0.01,0.8150000000000006,0.17499999999999938,0.65
0.01,0.8200000000000006,0.16999999999999937,0.7500000000000001
0.01,0.8250000000000006,0.16499999999999937,0.8500000000000002
0.01,0.8300000000000006,0.15999999999999936,0.8500000000000002
0.01,0.8350000000000006,0.15499999999999936,0.9000000000000002
0.01,0.8400000000000006,0.14999999999999936,0.8000000000000002
0.01,0.8450000000000006,0.14499999999999935,0.7500000000000001
0.01,0.8500000000000006,0.13999999999999935,0.65
0.01,0.8550000000000006,0.13499999999999934,0.6
0.01,0.8600000000000007,0.12999999999999934,0.65
0.01,0.8650000000000007,0.12499999999999933,0.7000000000000001
0.01,0.8700000000000007,0.11999999999999933,0.7000000000000001
0.01,0.8750000000000007,0.11499999999999932,0.8500000000000002
0.01,0.8800000000000007,0.10999999999999932,0.8500000000000002
0.01,0.8850000000000007,0.10499999999999932,0.7000000000000001
0.01,0.8900000000000007,0.09999999999999931,0.8000000000000002
0.01,0.8950000000000007,0.09499999999999931,0.7000000000000001
0.01,0.9000000000000007,0.0899999999999993,0.9000000000000002
0.01,0.9050000000000007,0.0849999999999993,0.8500000000000002
0.01,0.9100000000000007,0.0799999999999993,0.44999999999999996
0.01,0.9150000000000007,0.07499999999999929,0.7000000000000001
0.01,0.9200000000000007,0.06999999999999929,0.8000000000000002
0.01,0.9250000000000007,0.06499999999999928,0.7000000000000001
0.01,0.9300000000000007,0.059999999999999276,0.7000000000000001
0.01,0.9350000000000007,0.05499999999999927,0.8000000000000002
0.01,0.9400000000000007,0.04999999999999927,0.7000000000000001
0.01,0.9450000000000007,0.04499999999999926,0.65
0.01,0.9500000000000007,0.03999999999999926,0.6
0.01,0.9550000000000007,0.034999999999999254,0.6
0.01,0.9600000000000007,0.02999999999999925,0.6
0.01,0.9650000000000007,0.024999999999999245,0.7500000000000001
0.01,0.9700000000000008,0.01999999999999924,0.7000000000000001
0.01,0.9750000000000008,0.014999999999999236,0.65
0.01,0.9800000000000008,0.009999999999999232,0.8000000000000002
0.01,0.9850000000000008,0.004999999999999227,0.7500000000000001
0.015,0.0,0.985,0.7000000000000001
0.015,0.005,0.98,0.65
0.015,0.01,0.975,0.49999999999999994
0.015,0.015,0.97,0.65
0.015,0.02,0.965,0.49999999999999994
0.015,0.025,0.96,0.6
0.015,0.030000000000000002,0.955,0.7500000000000001
0.015,0.035,0.95,0.6
0.015,0.04,0.945,0.7000000000000001
0.015,0.045,0.94,0.7500000000000001
0.015,0.049999999999999996,0.935,0.7000000000000001
0.015,0.05499999999999999,0.93,1.0000000000000002
0.015,0.05999999999999999,0.925,0.7000000000000001
0.015,0.06499999999999999,0.92,0.65
0.015,0.06999999999999999,0.915,0.7500000000000001
0.015,0.075,0.91,0.8000000000000002
0.015,0.08,0.905,0.7500000000000001
0.015,0.085,0.9,0.65
0.015,0.09000000000000001,0.895,0.44999999999999996
0.015,0.09500000000000001,0.89,0.7500000000000001
0.015,0.10000000000000002,0.885,0.8500000000000002
0.015,0.10500000000000002,0.88,0.8500000000000002
0.015,0.11000000000000003,0.875,0.7500000000000001
0.015,0.11500000000000003,0.87,0.8000000000000002
0.015,0.12000000000000004,0.865,0.8000000000000002
0.015,0.12500000000000003,0.86,0.7500000000000001
0.015,0.13000000000000003,0.855,0.7000000000000001
0.015,0.13500000000000004,0.85,0.7000000000000001
0.015,0.14000000000000004,0.845,0.6
0.015,0.14500000000000005,0.84,0.7000000000000001
0.015,0.15000000000000005,0.835,0.6
0.015,0.15500000000000005,0.83,0.7500000000000001
0.015,0.16000000000000006,0.825,0.8500000000000002
0.015,0.16500000000000006,0.82,0.6
0.015,0.17000000000000007,0.815,0.7500000000000001
0.015,0.17500000000000007,0.8099999999999999,0.5499999999999999
0.015,0.18000000000000008,0.8049999999999999,0.6
0.015,0.18500000000000008,0.7999999999999999,0.49999999999999994
0.015,0.19000000000000009,0.7949999999999999,0.44999999999999996
0.015,0.1950000000000001,0.7899999999999999,0.9000000000000002
0.015,0.2000000000000001,0.7849999999999999,0.7500000000000001
0.015,0.2050000000000001,0.7799999999999999,0.8500000000000002
0.015,0.2100000000000001,0.7749999999999999,0.8000000000000002
0.015,0.2150000000000001,0.7699999999999999,0.7500000000000001
0.015,0.2200000000000001,0.7649999999999999,0.7000000000000001
0.015,0.22500000000000012,0.7599999999999999,0.6
0.015,0.23000000000000012,0.7549999999999999,0.7500000000000001
0.015,0.23500000000000013,0.7499999999999999,0.7000000000000001
0.015,0.24000000000000013,0.7449999999999999,0.6
0.015,0.24500000000000013,0.7399999999999999,0.8000000000000002
0.015,0.2500000000000001,0.7349999999999999,0.7500000000000001
0.015,0.2550000000000001,0.7299999999999999,0.65
0.015,0.2600000000000001,0.7249999999999999,0.65
0.015,0.2650000000000001,0.7199999999999999,0.6
0.015,0.27000000000000013,0.7149999999999999,0.6
0.015,0.27500000000000013,0.7099999999999999,0.7500000000000001
0.015,0.28000000000000014,0.7049999999999998,0.8500000000000002
0.015,0.28500000000000014,0.6999999999999998,0.7500000000000001
0.015,0.29000000000000015,0.6949999999999998,0.6
0.015,0.29500000000000015,0.6899999999999998,0.7500000000000001
0.015,0.30000000000000016,0.6849999999999998,0.8000000000000002
0.015,0.30500000000000016,0.6799999999999998,0.6
0.015,0.31000000000000016,0.6749999999999998,0.6
0.015,0.31500000000000017,0.6699999999999998,0.7500000000000001
0.015,0.3200000000000002,0.6649999999999998,0.65
0.015,0.3250000000000002,0.6599999999999998,0.8500000000000002
0.015,0.3300000000000002,0.6549999999999998,0.65
0.015,0.3350000000000002,0.6499999999999998,0.65
0.015,0.3400000000000002,0.6449999999999998,0.5499999999999999
0.015,0.3450000000000002,0.6399999999999998,0.6
0.015,0.3500000000000002,0.6349999999999998,0.65
0.015,0.3550000000000002,0.6299999999999998,0.5499999999999999
0.015,0.3600000000000002,0.6249999999999998,0.8500000000000002
0.015,0.3650000000000002,0.6199999999999998,0.7500000000000001
0.015,0.3700000000000002,0.6149999999999998,0.7500000000000001
0.015,0.3750000000000002,0.6099999999999998,0.8000000000000002
0.015,0.3800000000000002,0.6049999999999998,0.8500000000000002
0.015,0.38500000000000023,0.5999999999999998,0.8000000000000002
0.015,0.39000000000000024,0.5949999999999998,0.7500000000000001
0.015,0.39500000000000024,0.5899999999999997,0.8000000000000002
0.015,0.40000000000000024,0.5849999999999997,0.7500000000000001
0.015,0.40500000000000025,0.5799999999999997,0.6
0.015,0.41000000000000025,0.5749999999999997,0.7000000000000001
0.015,0.41500000000000026,0.5699999999999997,0.8500000000000002
0.015,0.42000000000000026,0.5649999999999997,0.8500000000000002
0.015,0.42500000000000027,0.5599999999999997,0.7500000000000001
0.015,0.43000000000000027,0.5549999999999997,0.7500000000000001
0.015,0.4350000000000003,0.5499999999999997,0.8000000000000002
0.015,0.4400000000000003,0.5449999999999997,0.9000000000000002
0.015,0.4450000000000003,0.5399999999999997,0.7000000000000001
0.015,0.4500000000000003,0.5349999999999997,0.7000000000000001
0.015,0.4550000000000003,0.5299999999999997,0.9000000000000002
0.015,0.4600000000000003,0.5249999999999997,0.9000000000000002
0.015,0.4650000000000003,0.5199999999999997,0.8000000000000002
0.015,0.4700000000000003,0.5149999999999997,0.8000000000000002
0.015,0.4750000000000003,0.5099999999999997,0.7000000000000001
0.015,0.4800000000000003,0.5049999999999997,0.5499999999999999
0.015,0.4850000000000003,0.49999999999999967,0.65
0.015,0.4900000000000003,0.49499999999999966,0.8500000000000002
0.015,0.49500000000000033,0.48999999999999966,0.8000000000000002
0.015,0.5000000000000003,0.48499999999999965,0.8500000000000002
0.015,0.5050000000000003,0.47999999999999965,0.8000000000000002
0.015,0.5100000000000003,0.47499999999999964,0.9250000000000003
0.015,0.5150000000000003,0.46999999999999964,0.8500000000000002
0.015,0.5200000000000004,0.46499999999999964,0.9500000000000003
0.015,0.5250000000000004,0.45999999999999963,0.5499999999999999
0.015,0.5300000000000004,0.4549999999999996,0.8000000000000002
0.015,0.5350000000000004,0.4499999999999996,0.7500000000000001
0.015,0.5400000000000004,0.4449999999999996,0.6
0.015,0.5450000000000004,0.4399999999999996,0.6
